ticker,AAPL,NVDA,MSFT,AMZN,SOXX,JEPI,JEPQ,SGOV
AAPL,1.0000,0.7200,0.7800,0.6800,0.8100,0.8500,0.8800,-0.0500
NVDA,0.7200,1.0000,0.6800,0.6200,0.9200,0.7000,0.8500,-0.0800
MSFT,0.7800,0.6800,1.0000,0.7200,0.7000,0.8800,0.8200,-0.0300
AMZN,0.6800,0.6200,0.7200,1.0000,0.6500,0.7500,0.7800,-0.0200
SOXX,0.8100,0.9200,0.7000,0.6500,1.0000,0.7600,0.8800,-0.0600
JEPI,0.8500,0.7000,0.8800,0.7500,0.7600,1.0000,0.8200,0.0200
JEPQ,0.8800,0.8500,0.8200,0.7800,0.8800,0.8200,1.0000,-0.0100
SGOV,-0.0500,-0.0800,-0.0300,-0.0200,-0.0600,0.0200,-0.0100,1.0000
